1.000000 0.343892 0.796963 0.040352 0.030822 0.974973
0.000000 0.607063 0.701816 0.039146 0.029684 0.973507
0.000000 0.387690 0.811208 0.040182 0.030587 0.970272
0.000000 0.555344 0.724600 0.041116 0.030903 0.969323
1.000000 0.456136 0.647640 0.039967 0.030464 0.968593
0.000000 0.419960 0.268847 0.039908 0.030456 0.967009
0.000000 0.426666 0.785457 0.041573 0.031624 0.966516
0.000000 0.470628 0.685077 0.039421 0.029913 0.966023
0.000000 0.504647 0.735925 0.039681 0.030143 0.965829
0.000000 0.453158 0.719816 0.039569 0.029934 0.965666
0.000000 0.084954 0.393168 0.039608 0.029678 0.965527
0.000000 0.456555 0.281008 0.040167 0.030328 0.965172
0.000000 0.369977 0.732137 0.040222 0.030394 0.964955
0.000000 0.275271 0.513227 0.038978 0.029771 0.964700
0.000000 0.417781 0.744970 0.039680 0.030417 0.964685
0.000000 0.344729 0.833343 0.040148 0.030188 0.964644
0.000000 0.675356 0.369988 0.041337 0.030967 0.963506
0.000000 0.583833 0.627321 0.039125 0.029184 0.963454
0.000000 0.424558 0.672509 0.040387 0.030687 0.962777
0.000000 0.589973 0.592674 0.038606 0.028725 0.962590
0.000000 0.500488 0.263470 0.040864 0.031193 0.961999
0.000000 0.577926 0.308236 0.040867 0.030141 0.961934
0.000000 0.333385 0.758686 0.039469 0.030134 0.961593
0.000000 0.516950 0.697156 0.039312 0.030304 0.961478
0.000000 0.258607 0.426417 0.039065 0.029425 0.961411
0.000000 0.067184 0.364066 0.039181 0.028546 0.961385
0.000000 0.653709 0.336436 0.039229 0.029408 0.961297
0.000000 0.606191 0.277122 0.040869 0.030955 0.961259
0.000000 0.640222 0.598966 0.040415 0.030392 0.961024
0.000000 0.379979 0.770580 0.040226 0.030821 0.960974
0.000000 0.465443 0.760602 0.039687 0.030717 0.960794
0.000000 0.305269 0.694205 0.040494 0.030561 0.960681
0.000000 0.643243 0.675096 0.041793 0.031791 0.960651
0.000000 0.319083 0.206615 0.040652 0.030314 0.960551
1.000000 0.697846 0.406466 0.042186 0.031756 0.959481
0.000000 0.542614 0.581884 0.037536 0.028195 0.959310
0.000000 0.599237 0.663773 0.039369 0.030028 0.959180
0.000000 0.408404 0.587181 0.038324 0.028570 0.959140
0.000000 0.631946 0.637126 0.039798 0.030319 0.958922
0.000000 0.515543 0.432231 0.037896 0.028408 0.958797
0.000000 0.272555 0.318939 0.040310 0.030468 0.957928
0.000000 0.161398 0.362542 0.040670 0.030561 0.957733
0.000000 0.569258 0.252242 0.041512 0.031305 0.957487
0.000000 0.331693 0.602604 0.039624 0.029719 0.956861
0.000000 0.621416 0.565309 0.038231 0.029073 0.956295
0.000000 0.497662 0.226570 0.041633 0.031882 0.956269
0.000000 0.597002 0.218155 0.039857 0.030152 0.956028
0.000000 0.365566 0.222333 0.042917 0.031948 0.955858
0.000000 0.575738 0.374867 0.038550 0.029629 0.955479
0.000000 0.457389 0.245440 0.041190 0.031007 0.955239
0.000000 0.550682 0.651246 0.038486 0.029017 0.955154
0.000000 0.215414 0.642583 0.040457 0.030082 0.954954
0.000000 0.666709 0.437262 0.039207 0.029404 0.954923
0.000000 0.534295 0.377182 0.038077 0.028857 0.954900
0.000000 0.284468 0.353629 0.038042 0.029205 0.954692
0.000000 0.231458 0.499870 0.040275 0.029791 0.954600
0.000000 0.375718 0.361817 0.039353 0.029772 0.954440
0.000000 0.211987 0.564576 0.042303 0.031553 0.954261
0.000000 0.528357 0.319179 0.040881 0.030170 0.954173
0.000000 0.253915 0.764241 0.041615 0.031133 0.953873
0.000000 0.378267 0.663728 0.039566 0.029626 0.952996
0.000000 0.596239 0.517353 0.037717 0.028268 0.952750
0.000000 0.326207 0.665299 0.039289 0.029698 0.952272
0.000000 0.067392 0.431531 0.040921 0.030366 0.952209
0.000000 0.422227 0.417833 0.038489 0.028954 0.952131
0.000000 0.361622 0.322790 0.042120 0.031366 0.951441
0.000000 0.325279 0.720603 0.040170 0.030226 0.951077
0.000000 0.710040 0.449415 0.039092 0.029670 0.950830
0.000000 0.295871 0.273590 0.042596 0.031794 0.950823
0.000000 0.574168 0.559498 0.038309 0.028553 0.950435
0.000000 0.151998 0.426540 0.040312 0.029932 0.950423
0.000000 0.263039 0.569758 0.040579 0.029760 0.950253
0.000000 0.088345 0.512427 0.040465 0.030286 0.950108
0.000000 0.244709 0.538943 0.041265 0.031207 0.950062
0.000000 0.597844 0.340519 0.040415 0.030580 0.949194
1.000000 0.134009 0.330646 0.041626 0.031347 0.948939
0.000000 0.227823 0.600525 0.040237 0.030600 0.948808
0.000000 0.484044 0.454896 0.038077 0.027776 0.948761
0.000000 0.307880 0.538107 0.039407 0.029804 0.948447
0.000000 0.212228 0.373947 0.040267 0.030063 0.948242
0.000000 0.449353 0.575069 0.038716 0.029473 0.948188
0.000000 0.493636 0.300620 0.040449 0.030419 0.948184
0.000000 0.622035 0.530262 0.038145 0.028670 0.947800
0.000000 0.434453 0.549925 0.037750 0.029346 0.947751
0.000000 0.113647 0.362601 0.041383 0.030517 0.947309
0.000000 0.666542 0.513014 0.041056 0.031000 0.947252
0.000000 0.196565 0.527917 0.042573 0.031723 0.946995
0.000000 0.317630 0.502078 0.039210 0.029540 0.946686
0.000000 0.054754 0.489962 0.039141 0.029492 0.946542
0.000000 0.400157 0.197741 0.040659 0.030996 0.946395
0.000000 0.201817 0.472966 0.039576 0.029830 0.946222
0.000000 0.489094 0.624182 0.039530 0.030193 0.945711
0.000000 0.167681 0.656795 0.041932 0.031165 0.945554
0.000000 0.378387 0.609510 0.038107 0.028854 0.945370
0.000000 0.626784 0.368348 0.039884 0.030056 0.945024
0.000000 0.683946 0.584941 0.039832 0.030446 0.944115
0.000000 0.258138 0.388118 0.040623 0.031299 0.944008
0.000000 0.133214 0.394179 0.042563 0.031177 0.943353
0.000000 0.180494 0.623231 0.040432 0.029465 0.942961
0.000000 0.504514 0.659542 0.038728 0.029494 0.942571
0.000000 0.178307 0.589131 0.040928 0.030862 0.942496
0.000000 0.481189 0.336532 0.038646 0.029434 0.942398
0.000000 0.084701 0.336568 0.038721 0.029055 0.942226
0.000000 0.252506 0.632617 0.039863 0.029897 0.942004
1.000000 0.272274 0.666868 0.040906 0.030717 0.941794
0.000000 0.351537 0.635308 0.039496 0.029819 0.941507
0.000000 0.498964 0.529995 0.036625 0.027562 0.940627
0.000000 0.251525 0.286900 0.041423 0.030868 0.940084
0.000000 0.217885 0.408921 0.040074 0.030382 0.940031
0.000000 0.345664 0.284385 0.042459 0.032119 0.939526
0.000000 0.168519 0.697379 0.041869 0.031591 0.939458
0.000000 0.313359 0.571339 0.039321 0.029642 0.937862
0.000000 0.531663 0.461276 0.037717 0.028532 0.937790
0.000000 0.298196 0.784085 0.040816 0.030698 0.937731
0.000000 0.433262 0.452179 0.041633 0.030726 0.936731
0.000000 0.030751 0.454749 0.039741 0.030018 0.935185
0.000000 0.418101 0.486428 0.038185 0.028662 0.935074
0.000000 0.126486 0.716611 0.041626 0.031339 0.934511
0.000000 0.011607 0.482674 0.023196 0.028835 0.934244
0.000000 0.315996 0.310555 0.040496 0.031090 0.934203
0.000000 0.167783 0.773558 0.042008 0.031520 0.934157
0.000000 0.552574 0.407697 0.038711 0.029200 0.932782
0.000000 0.209884 0.748525 0.042751 0.032329 0.932641
0.000000 0.242758 0.349280 0.040588 0.031084 0.932454
0.000000 0.601728 0.481925 0.036962 0.028423 0.932436
0.000000 0.333830 0.381890 0.040232 0.030210 0.932227
0.000000 0.111520 0.417934 0.040574 0.030597 0.932150
0.000000 0.337566 0.457007 0.039990 0.030369 0.932017
0.000000 0.405180 0.335394 0.039349 0.030125 0.931543
0.000000 0.206861 0.247813 0.039676 0.029624 0.931257
0.000000 0.176168 0.309982 0.039651 0.030217 0.931132
0.000000 0.329158 0.247338 0.041691 0.031589 0.931038
0.000000 0.442584 0.315334 0.039354 0.029988 0.930927
0.000000 0.300910 0.634103 0.041092 0.030479 0.930776
0.000000 0.293829 0.825763 0.039695 0.030109 0.929459
0.000000 0.140086 0.521115 0.039866 0.030129 0.928121
1.000000 0.074837 0.634129 0.040646 0.030248 0.928071
0.000000 0.382689 0.398309 0.038651 0.029161 0.927866
0.000000 0.244734 0.458707 0.039379 0.029015 0.927837
0.000000 0.557605 0.432962 0.038312 0.028833 0.927511
0.000000 0.475916 0.511372 0.037489 0.027529 0.927415
1.000000 0.457402 0.481344 0.039149 0.029394 0.926515
0.000000 0.024982 0.514567 0.041600 0.031137 0.926330
0.000000 0.330276 0.347155 0.040370 0.030529 0.925516
0.000000 0.281513 0.602193 0.039751 0.028999 0.925188
1.000000 0.286173 0.738999 0.041529 0.031497 0.925175
0.000000 0.455591 0.392308 0.040762 0.030761 0.925076
0.000000 0.624846 0.493659 0.038358 0.029169 0.924706
0.000000 0.177398 0.396399 0.040208 0.030308 0.924681
0.000000 0.542766 0.284444 0.041283 0.030969 0.924665
1.000000 0.247766 0.734366 0.041928 0.031192 0.924035
0.000000 0.503697 0.401477 0.039715 0.029108 0.923901
0.000000 0.045562 0.400556 0.040167 0.029893 0.923551
0.000000 0.537048 0.617047 0.038833 0.029141 0.922762
0.000000 0.356255 0.182522 0.040359 0.029888 0.922719
0.000000 0.665089 0.549365 0.038639 0.029778 0.921562
0.000000 0.255747 0.803714 0.040309 0.030731 0.919648
0.000000 0.474508 0.599905 0.037811 0.029098 0.917656
0.000000 0.546187 0.219688 0.040768 0.031003 0.916587
0.000000 0.297292 0.411399 0.038782 0.029221 0.916538
0.000000 0.124714 0.294725 0.035518 0.026890 0.916517
0.000000 0.544866 0.351130 0.040081 0.030024 0.916112
0.000000 0.521351 0.549615 0.037023 0.028116 0.915729
0.000000 0.463088 0.542260 0.037652 0.028190 0.915631
1.000000 0.346902 0.483290 0.041483 0.031282 0.914480
0.000000 0.561730 0.687306 0.039269 0.029310 0.913970
0.000000 0.561632 0.184731 0.040620 0.029769 0.913183
1.000000 0.167462 0.733848 0.040577 0.031213 0.912362
0.000000 0.493470 0.565105 0.037681 0.028375 0.910973
0.000000 0.442855 0.610383 0.041733 0.030717 0.909765
0.000000 0.127919 0.583366 0.040553 0.030618 0.906756
0.000000 0.297747 0.379083 0.039041 0.028773 0.905920
0.000000 0.384903 0.466939 0.038488 0.028333 0.904465
0.000000 0.160077 0.554936 0.043944 0.033146 0.903747
0.000000 0.377482 0.503486 0.039905 0.029830 0.902416
1.000000 0.214694 0.711787 0.040838 0.030143 0.902099
0.000000 0.632649 0.424754 0.038769 0.029176 0.902056
0.000000 0.128294 0.632450 0.042282 0.031639 0.901929
0.000000 0.513164 0.192745 0.041365 0.031095 0.901927
0.000000 0.281968 0.479670 0.040597 0.029768 0.897638
0.000000 0.587695 0.431054 0.037456 0.027283 0.895033
0.000000 0.497357 0.592029 0.038831 0.028751 0.892573
0.000000 0.252683 0.252765 0.041888 0.031052 0.891034
0.000000 0.161662 0.275006 0.038809 0.028876 0.889745
0.000000 0.377281 0.258987 0.041407 0.031147 0.888311
0.000000 0.168761 0.496944 0.042327 0.032096 0.887579
0.000000 0.467245 0.362496 0.039056 0.029743 0.885232
0.000000 0.649976 0.402068 0.039688 0.029390 0.882248
0.000000 0.430677 0.173813 0.038369 0.028851 0.881910
0.000000 0.225651 0.315912 0.041637 0.031837 0.876511
0.000000 0.526273 0.516319 0.036836 0.027491 0.876079
0.000000 0.240631 0.219719 0.039461 0.029087 0.875919
0.000000 0.604855 0.448602 0.037944 0.029016 0.872327
0.000000 0.206488 0.282330 0.042130 0.031839 0.871745
0.000000 0.287688 0.229711 0.040364 0.029924 0.869211
0.000000 0.562960 0.473365 0.036752 0.027034 0.867624
0.000000 0.016528 0.545709 0.033056 0.027986 0.867098
0.000000 0.295531 0.447797 0.039260 0.028759 0.866700
0.000000 0.516131 0.495840 0.036530 0.027542 0.857563
0.000000 0.075560 0.466816 0.041125 0.030864 0.855041
0.000000 0.397812 0.298620 0.041090 0.030766 0.854487
0.000000 0.346607 0.521406 0.038895 0.029188 0.849021
0.000000 0.059471 0.542512 0.040874 0.030482 0.843744
0.000000 0.574572 0.459623 0.036990 0.028277 0.842798
0.000000 0.465898 0.425676 0.039439 0.029173 0.840126
0.000000 0.091127 0.610081 0.040587 0.030106 0.838127
0.000000 0.119364 0.486242 0.041783 0.031936 0.832526
0.000000 0.427559 0.365510 0.039702 0.029777 0.829318
1.000000 0.198941 0.440048 0.040306 0.029662 0.825748
0.000000 0.569883 0.526953 0.038147 0.028579 0.823019
1.000000 0.645720 0.467680 0.038144 0.028620 0.810495
0.000000 0.244327 0.690836 0.039602 0.029797 0.809097
0.000000 0.412325 0.234460 0.042778 0.030951 0.801542
1.000000 0.409147 0.635410 0.040154 0.030205 0.800266
1.000000 0.386705 0.535825 0.040440 0.030171 0.794645
0.000000 0.380800 0.435150 0.039311 0.028803 0.791741
0.000000 0.678821 0.624651 0.040440 0.030559 0.777281
0.000000 0.405309 0.552693 0.038188 0.029007 0.772140
0.000000 0.423910 0.519851 0.038930 0.028952 0.766528
0.000000 0.212070 0.675219 0.040469 0.029978 0.746306
0.000000 0.341502 0.418332 0.039145 0.029299 0.741731
0.000000 0.404017 0.706192 0.041414 0.030918 0.736070
0.000000 0.348987 0.559171 0.040518 0.030360 0.724811
0.000000 0.476761 0.169941 0.038102 0.027561 0.720218
0.000000 0.452339 0.207152 0.043123 0.032819 0.717249
0.000000 0.260370 0.705708 0.044163 0.034118 0.687912
1.000000 0.212842 0.789378 0.041192 0.031333 0.684610
1.000000 0.503134 0.484279 0.039170 0.029037 0.656536
0.000000 0.109581 0.547416 0.040397 0.030578 0.643698
0.000000 0.623028 0.455656 0.035058 0.029094 0.641153
0.000000 0.079088 0.575065 0.042432 0.031967 0.609013
0.000000 0.033620 0.577352 0.039271 0.028631 0.591969
1.000000 0.127984 0.752683 0.040130 0.030290 0.591791
0.000000 0.156487 0.461162 0.041787 0.031661 0.556189
1.000000 0.604293 0.400093 0.037480 0.028542 0.517582
0.000000 0.111055 0.445819 0.040627 0.030704 0.508728
1.000000 0.356160 0.694522 0.040042 0.029760 0.485446
0.000000 0.127042 0.678761 0.043071 0.032281 0.457082
0.000000 0.196188 0.340700 0.040899 0.030261 0.439351
0.000000 0.671092 0.475476 0.038052 0.028989 0.438796
0.000000 0.493762 0.368829 0.038772 0.029622 0.369496
1.000000 0.556287 0.492403 0.036450 0.027010 0.280211
