1.000000 0.563145 0.838444 0.037365 0.028037 0.967203
0.000000 0.603729 0.628696 0.036847 0.027915 0.966944
0.000000 0.290603 0.686032 0.037955 0.028722 0.966716
0.000000 0.790326 0.716229 0.037486 0.028859 0.966219
0.000000 0.871572 0.588150 0.037483 0.028131 0.962963
0.000000 0.585408 0.290035 0.039014 0.029101 0.961999
0.000000 0.356857 0.797717 0.038434 0.028675 0.961744
0.000000 0.757817 0.692727 0.037480 0.028713 0.961690
0.000000 0.484451 0.619942 0.037131 0.028260 0.961670
0.000000 0.597625 0.873529 0.039533 0.029394 0.961637
0.000000 0.373050 0.761520 0.041485 0.031535 0.961589
0.000000 0.801308 0.660330 0.038070 0.028846 0.960971
0.000000 0.374168 0.285399 0.037381 0.028170 0.960908
0.000000 0.305545 0.329602 0.037104 0.028050 0.960069
0.000000 0.506059 0.436955 0.037949 0.028395 0.959964
0.000000 0.722372 0.409667 0.037869 0.028349 0.959580
0.000000 0.721315 0.638435 0.037664 0.027805 0.959461
0.000000 0.717160 0.740473 0.038688 0.029446 0.959364
0.000000 0.507135 0.675442 0.037740 0.028276 0.959092
0.000000 0.230770 0.826112 0.040635 0.030406 0.958960
0.000000 0.370328 0.376685 0.037087 0.028567 0.958797
0.000000 0.749768 0.766327 0.040361 0.030262 0.958624
0.000000 0.268893 0.767950 0.040898 0.030078 0.958538
0.000000 0.605933 0.838708 0.038989 0.029018 0.958488
0.000000 0.422077 0.571451 0.037565 0.028350 0.958400
0.000000 0.441117 0.296289 0.037946 0.028559 0.958293
0.000000 0.817669 0.692251 0.036942 0.027932 0.957482
0.000000 0.196749 0.765323 0.041845 0.031315 0.957450
0.000000 0.829678 0.605165 0.038330 0.028755 0.957365
0.000000 0.842129 0.494957 0.038127 0.028523 0.957253
0.000000 0.459879 0.263217 0.038206 0.028740 0.957209
0.000000 0.324457 0.752520 0.039269 0.029873 0.957199
0.000000 0.473581 0.323320 0.037254 0.027383 0.957170
0.000000 0.438460 0.540330 0.036645 0.027300 0.957148
0.000000 0.684179 0.528921 0.037171 0.028114 0.956822
0.000000 0.561893 0.719406 0.038328 0.029093 0.956565
0.000000 0.103278 0.757550 0.040331 0.030001 0.956521
0.000000 0.513056 0.842070 0.037853 0.028855 0.956411
0.000000 0.793349 0.748506 0.037872 0.028529 0.956374
0.000000 0.454102 0.596410 0.038461 0.029307 0.956301
0.000000 0.411368 0.489078 0.035551 0.027329 0.956229
0.000000 0.658931 0.362085 0.036760 0.027706 0.956130
0.000000 0.539606 0.579973 0.037348 0.027799 0.956039
0.000000 0.496724 0.291377 0.038318 0.028397 0.955995
0.000000 0.634067 0.652935 0.037916 0.028516 0.955839
0.000000 0.407055 0.788980 0.039623 0.030205 0.955691
0.000000 0.234024 0.741830 0.039946 0.030011 0.955431
0.000000 0.485371 0.805546 0.038099 0.028319 0.955242
0.000000 0.488832 0.350118 0.036818 0.027668 0.955173
0.000000 0.558562 0.636028 0.037263 0.027965 0.954935
0.000000 0.757984 0.658789 0.038956 0.028953 0.954838
0.000000 0.326204 0.363847 0.037962 0.028587 0.954703
0.000000 0.402958 0.729876 0.039656 0.030381 0.954200
0.000000 0.231613 0.790316 0.041328 0.031055 0.954115
0.000000 0.393225 0.549098 0.037084 0.027412 0.954075
0.000000 0.044204 0.510247 0.041376 0.031565 0.953882
0.000000 0.204662 0.405971 0.036851 0.027684 0.953682
0.000000 0.443146 0.344657 0.037166 0.027585 0.953503
0.000000 0.555573 0.379233 0.039001 0.028551 0.953502
0.000000 0.386479 0.828230 0.037996 0.028669 0.953308
0.000000 0.691989 0.386310 0.038455 0.029120 0.952976
0.000000 0.549800 0.666122 0.037180 0.027388 0.952956
0.000000 0.542441 0.273672 0.036595 0.027539 0.952936
0.000000 0.705481 0.350660 0.040165 0.029975 0.952868
0.000000 0.756811 0.500018 0.037031 0.027352 0.952796
0.000000 0.630628 0.426334 0.038045 0.028834 0.952559
0.000000 0.824839 0.460713 0.042418 0.031795 0.952292
0.000000 0.528527 0.611994 0.036904 0.027696 0.952239
0.000000 0.179829 0.801821 0.042167 0.032022 0.952221
0.000000 0.401293 0.315502 0.037803 0.028362 0.952133
0.000000 0.786953 0.554884 0.038997 0.028964 0.952112
0.000000 0.769544 0.399855 0.038538 0.028886 0.951694
0.000000 0.260470 0.708547 0.038775 0.028751 0.951538
0.000000 0.321022 0.821356 0.038379 0.029348 0.951521
0.000000 0.738315 0.374768 0.040876 0.030639 0.951395
0.000000 0.644277 0.868555 0.038911 0.028821 0.951232
0.000000 0.534663 0.808397 0.037946 0.028787 0.951209
0.000000 0.213145 0.703310 0.039901 0.029753 0.951166
0.000000 0.584143 0.806770 0.038663 0.028873 0.951015
0.000000 0.150494 0.758480 0.040106 0.030416 0.950971
0.000000 0.272797 0.637361 0.036955 0.027877 0.950770
0.000000 0.105020 0.456505 0.037762 0.028827 0.950690
0.000000 0.346662 0.852509 0.038250 0.029331 0.950622
0.000000 0.311111 0.785609 0.040079 0.030000 0.950572
0.000000 0.799253 0.427948 0.039065 0.029455 0.950372
0.000000 0.523251 0.524064 0.037313 0.028094 0.950045
0.000000 0.609788 0.381672 0.036386 0.027387 0.949931
0.000000 0.458435 0.437120 0.038714 0.029560 0.949879
0.000000 0.586619 0.357432 0.037811 0.028856 0.949871
0.000000 0.467168 0.563272 0.036478 0.027066 0.949834
0.000000 0.203991 0.568624 0.037324 0.027957 0.949791
0.000000 0.497503 0.589607 0.037075 0.027564 0.949772
0.000000 0.350291 0.646853 0.038150 0.028904 0.949519
0.000000 0.557639 0.777789 0.039053 0.029763 0.949399
0.000000 0.534765 0.696650 0.035515 0.027312 0.949119
0.000000 0.677654 0.648297 0.038786 0.028694 0.948969
0.000000 0.314070 0.716424 0.038737 0.029135 0.948881
0.000000 0.742725 0.608117 0.039158 0.028901 0.948838
0.000000 0.641417 0.535791 0.037993 0.028754 0.948322
0.000000 0.339051 0.473764 0.036917 0.027919 0.948161
0.000000 0.551945 0.312106 0.036909 0.028128 0.948145
0.000000 0.441018 0.628823 0.038511 0.029284 0.948028
0.000000 0.678632 0.418832 0.037708 0.029001 0.948003
0.000000 0.661309 0.835291 0.039217 0.029264 0.947963
0.000000 0.534581 0.745191 0.039390 0.030344 0.947578
0.000000 0.306649 0.657017 0.037411 0.028208 0.947506
0.000000 0.280830 0.737598 0.038814 0.028876 0.946965
0.000000 0.848442 0.666812 0.038022 0.027965 0.946940
0.000000 0.663068 0.679424 0.038368 0.028637 0.946893
0.000000 0.180656 0.732048 0.040977 0.030581 0.946738
0.000000 0.249402 0.476307 0.037554 0.028192 0.946510
0.000000 0.076750 0.485259 0.041106 0.030776 0.946405
0.000000 0.675307 0.740233 0.038588 0.029513 0.946395
0.000000 0.681313 0.803111 0.037816 0.028869 0.946176
0.000000 0.287189 0.386456 0.037331 0.028748 0.946075
0.000000 0.303580 0.870349 0.040490 0.030129 0.946008
0.000000 0.616993 0.460457 0.035982 0.027307 0.945740
0.000000 0.552341 0.548210 0.037327 0.027798 0.945693
0.000000 0.510429 0.876822 0.037856 0.028552 0.945342
0.000000 0.748520 0.572206 0.038162 0.028303 0.945265
0.000000 0.829369 0.538564 0.037831 0.027808 0.945209
0.000000 0.829363 0.725588 0.036319 0.027451 0.944679
0.000000 0.584481 0.571768 0.037882 0.028813 0.944621
0.000000 0.589691 0.436605 0.037130 0.027970 0.944270
0.000000 0.374353 0.577617 0.038507 0.029299 0.944216
0.000000 0.516976 0.643895 0.039786 0.029744 0.944206
0.000000 0.897422 0.430572 0.037209 0.028184 0.944025
0.000000 0.590115 0.325480 0.038293 0.028094 0.943987
0.000000 0.570428 0.603916 0.037863 0.028505 0.943584
0.000000 0.338818 0.682665 0.038805 0.029276 0.943050
0.000000 0.847507 0.424630 0.038716 0.029200 0.942757
0.000000 0.434470 0.463272 0.037407 0.028167 0.942410
0.000000 0.714646 0.551455 0.037769 0.027557 0.942369
0.000000 0.323475 0.507086 0.037929 0.028931 0.942263
0.000000 0.661033 0.450577 0.038275 0.029071 0.941931
0.000000 0.363423 0.613084 0.039966 0.029559 0.941648
0.000000 0.871224 0.462188 0.039303 0.029254 0.941546
0.000000 0.418956 0.378149 0.039570 0.029214 0.941445
0.000000 0.829790 0.637072 0.037562 0.028137 0.940904
0.000000 0.152670 0.464875 0.038366 0.028464 0.940864
0.000000 0.912494 0.568256 0.037764 0.028846 0.940718
0.000000 0.132348 0.725486 0.041378 0.030803 0.940658
0.000000 0.870593 0.554794 0.038808 0.029420 0.940433
0.000000 0.868360 0.521603 0.035968 0.027254 0.940404
0.000000 0.407838 0.520237 0.037125 0.027515 0.940337
0.000000 0.333396 0.556534 0.037035 0.028164 0.940332
0.000000 0.713487 0.504801 0.038272 0.028876 0.940313
0.000000 0.604921 0.715642 0.039575 0.030235 0.940282
0.000000 0.433841 0.817819 0.039081 0.029337 0.940237
0.000000 0.624130 0.514026 0.039176 0.029224 0.939510
0.000000 0.776724 0.459357 0.037998 0.028919 0.939376
0.000000 0.477799 0.529426 0.036498 0.027577 0.939357
0.000000 0.733362 0.704360 0.037281 0.028637 0.939073
0.000000 0.452614 0.501521 0.037522 0.028401 0.938472
0.000000 0.296495 0.418727 0.036620 0.027738 0.938457
0.000000 0.647914 0.711277 0.038261 0.028984 0.938068
0.000000 0.016437 0.540347 0.032342 0.028819 0.937694
0.000000 0.520209 0.466651 0.039874 0.029918 0.937618
0.000000 0.504331 0.255760 0.036865 0.027313 0.937393
0.000000 0.449954 0.794034 0.038273 0.028736 0.937080
0.000000 0.369550 0.497561 0.036389 0.027695 0.936689
0.000000 0.786857 0.591493 0.040102 0.029975 0.935798
0.000000 0.039164 0.610701 0.042534 0.031637 0.935509
0.000000 0.413162 0.267572 0.037388 0.028074 0.934939
0.000000 0.100065 0.653818 0.042627 0.032140 0.934804
0.000000 0.620583 0.683487 0.038016 0.028954 0.934794
0.000000 0.469593 0.838041 0.037678 0.027764 0.934617
0.000000 0.921633 0.466497 0.035761 0.026530 0.934119
0.000000 0.252311 0.411763 0.038313 0.028624 0.933971
0.000000 0.472537 0.653175 0.038468 0.029333 0.933773
0.000000 0.652674 0.774140 0.039708 0.030607 0.933737
0.000000 0.375317 0.702309 0.037176 0.029221 0.933645
0.000000 0.781828 0.628446 0.038271 0.028381 0.933467
0.000000 0.428225 0.662641 0.035905 0.026996 0.933156
0.000000 0.407268 0.601974 0.040627 0.031209 0.933044
0.000000 0.793774 0.485950 0.038525 0.029338 0.932171
0.000000 0.704972 0.584165 0.038946 0.029371 0.931406
0.000000 0.322865 0.442593 0.035273 0.026849 0.931348
0.000000 0.387242 0.867048 0.038453 0.029201 0.931344
0.000000 0.713184 0.313437 0.039004 0.029120 0.930709
0.000000 0.792303 0.519336 0.038878 0.029065 0.930589
0.000000 0.547284 0.438573 0.037294 0.027884 0.930540
0.000000 0.710480 0.673112 0.038847 0.028966 0.930426
0.000000 0.458159 0.689272 0.038940 0.029233 0.929831
0.000000 0.631477 0.807594 0.038191 0.029040 0.929031
0.000000 0.024139 0.575056 0.040532 0.030079 0.928505
0.000000 0.326869 0.590188 0.037853 0.028509 0.928463
0.000000 0.282082 0.837359 0.038556 0.029028 0.928307
0.000000 0.391616 0.407387 0.038725 0.029408 0.928274
0.000000 0.707779 0.443718 0.039430 0.029796 0.928174
0.000000 0.911604 0.607602 0.035875 0.027070 0.928089
0.000000 0.642679 0.480945 0.037495 0.027945 0.927828
0.000000 0.494679 0.708898 0.036584 0.027927 0.927560
0.000000 0.471606 0.868466 0.036650 0.028340 0.927242
0.000000 0.627372 0.566453 0.038827 0.028789 0.926715
0.000000 0.617077 0.597872 0.038620 0.028492 0.926401
0.000000 0.510123 0.556994 0.038804 0.029462 0.926176
0.000000 0.052275 0.647024 0.039766 0.029702 0.925663
0.000000 0.748879 0.728005 0.038934 0.028805 0.923479
0.000000 0.396687 0.348475 0.037588 0.028723 0.922662
0.000000 0.531240 0.408390 0.039229 0.029524 0.922641
0.000000 0.750267 0.432928 0.037105 0.028683 0.921548
0.000000 0.122790 0.589095 0.040621 0.030450 0.921485
0.000000 0.245146 0.673796 0.041237 0.030094 0.921274
0.000000 0.267589 0.352972 0.040332 0.030519 0.920343
0.000000 0.751777 0.337912 0.039695 0.030130 0.919726
0.000000 0.276258 0.446857 0.037197 0.028037 0.919161
0.000000 0.547666 0.870670 0.037364 0.028528 0.918868
0.000000 0.428877 0.853662 0.039952 0.029649 0.918718
0.000000 0.627377 0.273630 0.038395 0.028500 0.918706
0.000000 0.333630 0.304056 0.037665 0.028637 0.918037
0.000000 0.753322 0.532465 0.039390 0.029322 0.917952
0.000000 0.702572 0.767802 0.037890 0.028541 0.915871
0.000000 0.464520 0.378075 0.039335 0.029035 0.915187
0.000000 0.165517 0.696697 0.041530 0.031425 0.914697
0.000000 0.576818 0.405943 0.038743 0.028888 0.912860
0.000000 0.726209 0.796494 0.033436 0.025293 0.912815
0.000000 0.427509 0.758660 0.039041 0.029093 0.912563
0.000000 0.713894 0.830808 0.036178 0.027966 0.912202
0.000000 0.372552 0.250311 0.040491 0.030853 0.912089
0.000000 0.197903 0.669462 0.040588 0.030432 0.911497
0.000000 0.221117 0.604082 0.040314 0.030484 0.911270
0.000000 0.686051 0.475796 0.038216 0.029362 0.911075
0.000000 0.086600 0.619030 0.041563 0.030987 0.911068
0.000000 0.569716 0.519157 0.036131 0.027924 0.909978
0.000000 0.384365 0.462706 0.039526 0.029847 0.909586
0.000000 0.448836 0.724109 0.039126 0.028898 0.908026
0.000000 0.483528 0.408399 0.038960 0.029099 0.908023
0.000000 0.570146 0.465584 0.038039 0.030394 0.907623
0.000000 0.463291 0.770888 0.036071 0.028008 0.907011
0.000000 0.245972 0.539452 0.039901 0.029805 0.906948
0.000000 0.156868 0.562705 0.040704 0.030631 0.904800
0.000000 0.627866 0.308526 0.037938 0.028347 0.904246
0.000000 0.418990 0.695144 0.038358 0.028944 0.904106
0.000000 0.475831 0.468344 0.038451 0.028859 0.904030
0.000000 0.648467 0.393461 0.039888 0.029802 0.903845
0.000000 0.074352 0.581443 0.041833 0.031140 0.902708
0.000000 0.384092 0.670176 0.038016 0.028568 0.902687
0.000000 0.397095 0.636376 0.040255 0.029635 0.901963
0.000000 0.829908 0.570150 0.038869 0.029238 0.900477
0.000000 0.354471 0.729301 0.040963 0.030483 0.900434
0.000000 0.511266 0.378339 0.037899 0.028460 0.900285
0.000000 0.598491 0.539561 0.038617 0.028611 0.899827
0.000000 0.537690 0.237619 0.039152 0.028608 0.899101
0.000000 0.235299 0.378932 0.040702 0.030621 0.897043
0.000000 0.658711 0.590330 0.038924 0.029275 0.896552
0.000000 0.081992 0.721319 0.040869 0.030232 0.896391
0.000000 0.229025 0.443812 0.038159 0.029398 0.895865
0.000000 0.150530 0.659257 0.043204 0.032976 0.895441
0.000000 0.359233 0.529147 0.036433 0.027270 0.895018
0.000000 0.886860 0.648098 0.036648 0.027011 0.889116
0.000000 0.673191 0.559846 0.039370 0.028981 0.886291
0.000000 0.249969 0.577887 0.042312 0.032413 0.884994
0.000000 0.341686 0.401640 0.039902 0.030431 0.884857
0.000000 0.295860 0.481393 0.038920 0.029922 0.881916
0.000000 0.172244 0.598352 0.038673 0.028712 0.881890
0.000000 0.622639 0.344998 0.037432 0.027854 0.878429
0.000000 0.270178 0.508354 0.039817 0.030413 0.878370
0.000000 0.646859 0.621183 0.038127 0.028501 0.876122
0.000000 0.867797 0.703606 0.039765 0.030066 0.875040
0.000000 0.488776 0.744061 0.041481 0.031493 0.872064
0.000000 0.355849 0.334343 0.037139 0.028271 0.872011
0.000000 0.893723 0.493708 0.037729 0.028199 0.870449
0.000000 0.226747 0.640724 0.039232 0.030170 0.870072
0.000000 0.909925 0.532097 0.038755 0.029067 0.869946
0.000000 0.203239 0.470986 0.040368 0.030796 0.868686
0.000000 0.315612 0.622764 0.040077 0.029566 0.868274
0.000000 0.693013 0.708005 0.038304 0.028849 0.865561
0.000000 0.440227 0.408535 0.040861 0.030691 0.860951
0.000000 0.428164 0.890032 0.039553 0.030173 0.858065
0.000000 0.275328 0.602172 0.038411 0.030703 0.857943
0.000000 0.132187 0.794495 0.039628 0.030098 0.857768
0.000000 0.577275 0.688410 0.038683 0.029313 0.855610
0.000000 0.115900 0.690393 0.044021 0.033664 0.853546
0.000000 0.427582 0.235962 0.039427 0.029428 0.853249
0.000000 0.606299 0.776880 0.039911 0.029974 0.852239
0.000000 0.093791 0.519712 0.040119 0.029941 0.846722
0.000000 0.135486 0.625314 0.042633 0.031685 0.845266
1.000000 0.172768 0.501158 0.041091 0.031472 0.839367
0.000000 0.594749 0.491312 0.038357 0.029578 0.838262
0.000000 0.275465 0.807217 0.039936 0.029634 0.837157
0.000000 0.292200 0.568913 0.039306 0.029144 0.837106
0.000000 0.109445 0.555189 0.040838 0.030779 0.836646
0.000000 0.788217 0.366851 0.039439 0.029638 0.836289
0.000000 0.667697 0.328304 0.040958 0.030310 0.832834
0.000000 0.544130 0.492872 0.039180 0.029602 0.826177
0.000000 0.581189 0.748680 0.040555 0.029945 0.825207
0.000000 0.815281 0.782410 0.038837 0.029817 0.821790
0.000000 0.691167 0.615324 0.040514 0.030715 0.814229
0.000000 0.143430 0.528218 0.038793 0.029267 0.806948
0.000000 0.763773 0.804532 0.036680 0.028043 0.797686
0.000000 0.413599 0.435648 0.039784 0.029233 0.796122
0.000000 0.821660 0.394205 0.041138 0.030933 0.776690
0.000000 0.541289 0.347423 0.037080 0.027958 0.774030
0.000000 0.155957 0.398192 0.038145 0.028219 0.770775
0.000000 0.898243 0.676778 0.038102 0.028519 0.770503
0.000000 0.294574 0.535967 0.039612 0.028906 0.769893
0.000000 0.497034 0.497423 0.039425 0.030357 0.760964
0.000000 0.183268 0.437136 0.038448 0.028857 0.759208
0.000000 0.588249 0.659293 0.040633 0.030728 0.756832
