0.000000 0.459991 0.858558 0.037344 0.028010 0.967188
0.000000 0.524353 0.431861 0.038061 0.028031 0.966100
0.000000 0.439397 0.829099 0.036452 0.027202 0.965805
0.000000 0.437563 0.451267 0.035949 0.026750 0.964265
0.000000 0.395899 0.579326 0.036723 0.027409 0.963782
0.000000 0.592349 0.541213 0.035132 0.026221 0.963547
0.000000 0.353963 0.577581 0.036763 0.027193 0.963166
0.000000 0.378497 0.854359 0.036225 0.027614 0.963144
0.000000 0.590512 0.833981 0.037821 0.028899 0.962987
1.000000 0.368128 0.791152 0.040416 0.030128 0.962983
0.000000 0.550918 0.852827 0.037591 0.028375 0.962756
0.000000 0.466262 0.470884 0.036036 0.026734 0.961544
0.000000 0.621083 0.722051 0.036937 0.027864 0.961316
0.000000 0.025054 0.514238 0.036529 0.027775 0.961217
0.000000 0.331099 0.802135 0.037046 0.028191 0.960988
0.000000 0.549757 0.624576 0.035560 0.026623 0.960888
0.000000 0.536468 0.783014 0.036958 0.027739 0.960613
0.000000 0.478554 0.440103 0.036396 0.026848 0.960587
1.000000 0.188925 0.727472 0.040303 0.030272 0.960562
0.000000 0.553714 0.453092 0.037461 0.027709 0.960420
0.000000 0.372447 0.263268 0.040527 0.030594 0.960324
0.000000 0.069640 0.366424 0.037376 0.027489 0.960295
0.000000 0.207454 0.616806 0.036512 0.028021 0.960200
0.000000 0.258944 0.266227 0.037310 0.028518 0.959900
0.000000 0.501026 0.728148 0.037304 0.027724 0.959789
0.000000 0.269541 0.830070 0.036897 0.027969 0.959772
0.000000 0.479500 0.830322 0.035732 0.027536 0.959703
0.000000 0.502435 0.553486 0.034836 0.026531 0.959292
0.000000 0.071025 0.636070 0.036044 0.026966 0.959162
0.000000 0.611388 0.688886 0.037238 0.027355 0.958886
0.000000 0.626715 0.615605 0.036962 0.028323 0.958585
0.000000 0.495022 0.491555 0.035973 0.027158 0.958539
1.000000 0.249618 0.619106 0.039506 0.029169 0.958495
0.000000 0.358439 0.518611 0.037443 0.027759 0.958415
0.000000 0.661455 0.794687 0.038374 0.029242 0.958405
0.000000 0.297600 0.255185 0.038722 0.029203 0.958392
0.000000 0.503085 0.861267 0.037141 0.027388 0.958327
0.000000 0.332431 0.276596 0.038566 0.029077 0.958228
1.000000 0.270931 0.737758 0.037787 0.028763 0.957901
1.000000 0.598541 0.658536 0.037455 0.027968 0.957890
0.000000 0.357637 0.824472 0.037067 0.028159 0.957830
1.000000 0.236473 0.363034 0.039783 0.029569 0.957297
0.000000 0.259393 0.704348 0.037023 0.028335 0.957252
0.000000 0.411024 0.677732 0.036778 0.027793 0.957205
0.000000 0.669172 0.616867 0.038385 0.028750 0.957119
0.000000 0.419678 0.799829 0.037993 0.027767 0.957117
0.000000 0.068053 0.426830 0.038322 0.028001 0.956541
0.000000 0.551763 0.814275 0.037046 0.027845 0.956419
0.000000 0.581077 0.709105 0.036589 0.026969 0.956353
0.000000 0.359031 0.475755 0.036502 0.027189 0.956183
0.000000 0.565517 0.680116 0.037518 0.027430 0.956114
1.000000 0.293362 0.471338 0.037397 0.027754 0.956045
0.000000 0.462514 0.556793 0.036084 0.026630 0.956039
0.000000 0.355373 0.751816 0.037360 0.028186 0.955856
0.000000 0.090648 0.337279 0.036751 0.027877 0.955537
0.000000 0.397352 0.826259 0.036157 0.027285 0.955367
1.000000 0.293882 0.617074 0.040318 0.030375 0.955159
0.000000 0.279905 0.353495 0.038825 0.028417 0.954970
0.000000 0.274591 0.588747 0.037247 0.028366 0.954880
0.000000 0.419083 0.401694 0.036644 0.026786 0.954819
0.000000 0.597841 0.593955 0.036386 0.027440 0.954766
1.000000 0.185763 0.288464 0.037303 0.028180 0.954752
0.000000 0.303522 0.405714 0.037297 0.027661 0.954749
0.000000 0.285922 0.501825 0.036612 0.027497 0.954745
0.000000 0.115591 0.309409 0.037351 0.028427 0.954743
0.000000 0.353404 0.363234 0.036792 0.027281 0.954589
0.000000 0.510624 0.609298 0.036565 0.026924 0.954542
0.000000 0.269142 0.385056 0.038057 0.028148 0.954412
0.000000 0.566232 0.518894 0.034750 0.026546 0.954256
0.000000 0.294692 0.436761 0.037679 0.028003 0.954189
0.000000 0.518693 0.832383 0.035802 0.026842 0.954186
0.000000 0.419498 0.552614 0.036213 0.027580 0.954065
0.000000 0.568931 0.423138 0.037708 0.028415 0.954033
0.000000 0.157885 0.751369 0.037661 0.028424 0.954003
0.000000 0.650535 0.700494 0.037338 0.027624 0.953960
1.000000 0.175703 0.468118 0.037719 0.027768 0.953927
0.000000 0.218516 0.457957 0.037414 0.028102 0.953764
0.000000 0.418463 0.856212 0.036933 0.027617 0.953728
0.000000 0.293637 0.801470 0.037283 0.027962 0.953515
0.000000 0.536819 0.707908 0.038394 0.028388 0.953018
0.000000 0.321353 0.342531 0.037602 0.028194 0.952922
0.000000 0.539042 0.400657 0.037839 0.029079 0.952895
0.000000 0.022807 0.426427 0.039741 0.029203 0.952854
0.000000 0.532133 0.503194 0.035853 0.026437 0.952779
0.000000 0.144743 0.447235 0.037870 0.027645 0.952772
0.000000 0.230967 0.591306 0.038063 0.028024 0.952494
0.000000 0.535453 0.476630 0.035692 0.026689 0.952451
0.000000 0.587765 0.626335 0.035964 0.027541 0.952215
0.000000 0.395240 0.353225 0.037753 0.027697 0.952202
0.000000 0.336464 0.425180 0.036563 0.027120 0.952198
0.000000 0.016749 0.547867 0.033497 0.027427 0.952088
1.000000 0.093788 0.548843 0.038436 0.028189 0.952027
0.000000 0.573724 0.769656 0.036779 0.027639 0.951635
0.000000 0.223807 0.645460 0.037096 0.027466 0.951584
0.000000 0.376440 0.412854 0.036324 0.026353 0.951465
0.000000 0.571294 0.737931 0.036965 0.027503 0.951437
0.000000 0.437304 0.581245 0.036679 0.028105 0.951143
0.000000 0.412672 0.608295 0.037045 0.027683 0.950898
0.000000 0.284514 0.772029 0.037377 0.028120 0.950780
0.000000 0.133416 0.477150 0.038943 0.028536 0.950639
0.000000 0.339107 0.720497 0.038194 0.029072 0.950550
0.000000 0.526300 0.578792 0.034450 0.025933 0.950503
0.000000 0.462601 0.390742 0.038161 0.027715 0.950421
0.000000 0.043135 0.396875 0.037784 0.028652 0.950340
0.000000 0.368085 0.443422 0.036912 0.027800 0.950337
0.000000 0.531924 0.750664 0.037570 0.028147 0.950122
0.000000 0.476299 0.358858 0.039040 0.028839 0.949993
0.000000 0.056667 0.455565 0.038121 0.028038 0.949795
0.000000 0.271209 0.532658 0.036779 0.028107 0.949782
0.000000 0.458645 0.716425 0.036430 0.028478 0.949685
0.000000 0.038406 0.589768 0.037468 0.027416 0.949663
0.000000 0.140502 0.645939 0.036424 0.027348 0.949652
0.000000 0.187473 0.436739 0.037569 0.027564 0.949640
0.000000 0.494472 0.410423 0.037173 0.027299 0.949627
0.000000 0.382250 0.630005 0.036013 0.027837 0.949613
0.000000 0.337837 0.547442 0.036721 0.027639 0.949588
0.000000 0.371169 0.606796 0.035960 0.027127 0.949532
0.000000 0.449729 0.273988 0.040433 0.030672 0.949512
0.000000 0.244804 0.764305 0.036419 0.027926 0.949447
0.000000 0.412373 0.251483 0.040464 0.030664 0.949439
0.000000 0.388003 0.496816 0.035634 0.026849 0.949283
0.000000 0.246847 0.331556 0.039325 0.029193 0.949139
0.000000 0.456424 0.502010 0.036573 0.026496 0.949073
0.000000 0.241951 0.675421 0.035958 0.027333 0.948994
0.000000 0.688460 0.683462 0.036697 0.027988 0.948915
0.000000 0.302457 0.643307 0.037290 0.028098 0.948871
0.000000 0.446969 0.529373 0.036292 0.026811 0.948815
0.000000 0.493311 0.262816 0.044202 0.032750 0.948789
1.000000 0.202117 0.757074 0.038007 0.028143 0.948752
0.000000 0.549441 0.552151 0.034509 0.025760 0.948668
0.000000 0.346096 0.393657 0.036817 0.027071 0.948619
0.000000 0.367497 0.661361 0.037017 0.027808 0.948586
0.000000 0.409328 0.286123 0.040517 0.030715 0.948569
0.000000 0.253391 0.233503 0.039713 0.029637 0.948462
0.000000 0.443601 0.770968 0.037404 0.028197 0.948448
0.000000 0.159911 0.670558 0.037471 0.027525 0.948199
0.000000 0.515425 0.641473 0.036467 0.027268 0.948126
0.000000 0.155455 0.417249 0.037422 0.027756 0.947877
0.000000 0.126191 0.396323 0.036752 0.027448 0.947689
0.000000 0.051145 0.338420 0.035321 0.026632 0.947171
0.000000 0.524869 0.673116 0.037522 0.028408 0.947131
0.000000 0.251781 0.298956 0.039390 0.029401 0.947117
0.000000 0.208408 0.565380 0.036616 0.027728 0.946995
0.000000 0.333233 0.608144 0.036841 0.028097 0.946818
0.000000 0.203379 0.671481 0.037827 0.027806 0.946598
0.000000 0.097273 0.654551 0.035995 0.026680 0.946531
0.000000 0.609898 0.751585 0.036745 0.027347 0.946506
0.000000 0.426287 0.483120 0.035234 0.026263 0.946494
0.000000 0.385527 0.383099 0.036964 0.027102 0.946308
0.000000 0.251985 0.480022 0.036575 0.026940 0.946282
0.000000 0.138255 0.538179 0.040182 0.029959 0.946162
0.000000 0.158079 0.617734 0.038534 0.027765 0.946138
0.000000 0.265646 0.414459 0.038686 0.029127 0.946130
0.000000 0.143403 0.724278 0.037808 0.027109 0.946105
0.000000 0.286844 0.320792 0.041112 0.030005 0.945816
1.000000 0.112318 0.425208 0.038108 0.028075 0.945360
0.000000 0.406616 0.522400 0.036325 0.027427 0.945349
0.000000 0.619930 0.563674 0.036406 0.027664 0.945254
0.000000 0.471708 0.747883 0.036194 0.027408 0.944759
0.000000 0.074661 0.682408 0.039128 0.028943 0.944740
0.000000 0.166179 0.566290 0.037652 0.028013 0.944386
0.000000 0.645064 0.586850 0.036356 0.026964 0.944237
0.000000 0.311160 0.744934 0.037661 0.029130 0.943601
0.000000 0.128802 0.338052 0.038194 0.028166 0.943454
0.000000 0.485406 0.582450 0.036021 0.026915 0.943369
0.000000 0.689306 0.586647 0.036365 0.028122 0.943070
0.000000 0.368922 0.298252 0.039684 0.029663 0.943042
0.000000 0.009082 0.488207 0.018101 0.029420 0.942998
0.000000 0.397086 0.464216 0.036260 0.026777 0.942657
0.000000 0.171464 0.259208 0.037926 0.029467 0.942527
0.000000 0.441419 0.630840 0.035261 0.027009 0.942006
0.000000 0.574311 0.485492 0.038658 0.028811 0.941817
0.000000 0.253428 0.562061 0.037224 0.027428 0.941815
0.000000 0.265776 0.650405 0.036980 0.028256 0.941804
1.000000 0.505936 0.803303 0.037071 0.027285 0.941759
0.000000 0.209126 0.242070 0.037822 0.028633 0.941675
0.000000 0.291969 0.288424 0.038357 0.029022 0.941622
0.000000 0.637087 0.640423 0.037835 0.028264 0.941360
0.000000 0.165433 0.501429 0.038749 0.028848 0.941046
0.000000 0.395781 0.739735 0.036462 0.027474 0.940942
0.000000 0.075106 0.607161 0.037820 0.027288 0.940634
0.000000 0.326774 0.776067 0.039385 0.029644 0.940530
0.000000 0.335450 0.241361 0.039980 0.030132 0.940523
0.000000 0.313298 0.523566 0.036447 0.027288 0.940133
0.000000 0.528513 0.531055 0.034331 0.025957 0.940113
0.000000 0.203426 0.339927 0.038271 0.028928 0.940078
0.000000 0.182269 0.644080 0.037106 0.027636 0.940061
0.000000 0.493531 0.770658 0.038226 0.028592 0.939809
0.000000 0.493648 0.695317 0.038218 0.028161 0.939760
0.000000 0.299273 0.711726 0.038117 0.028659 0.939694
0.000000 0.407397 0.645458 0.035674 0.028007 0.939665
0.000000 0.295878 0.556835 0.036126 0.028256 0.939645
0.000000 0.117372 0.676849 0.036965 0.027772 0.939612
0.000000 0.652517 0.760754 0.037044 0.027808 0.939342
0.000000 0.219588 0.275270 0.039162 0.029695 0.939294
0.000000 0.287767 0.678662 0.038915 0.028992 0.938977
0.000000 0.063634 0.504663 0.038028 0.028464 0.938563
0.000000 0.329343 0.455833 0.036722 0.027447 0.938562
0.000000 0.485304 0.663040 0.036203 0.027251 0.938412
0.000000 0.053755 0.562750 0.036579 0.026593 0.938313
0.000000 0.620406 0.781691 0.038372 0.028598 0.938161
0.000000 0.405986 0.320598 0.040613 0.030071 0.937885
0.000000 0.073998 0.309015 0.037131 0.028083 0.937860
0.000000 0.226721 0.539306 0.036234 0.026434 0.937243
0.000000 0.374480 0.227119 0.042340 0.031914 0.936874
0.000000 0.507695 0.379107 0.038923 0.028856 0.936849
0.000000 0.457297 0.236730 0.044247 0.032933 0.936196
0.000000 0.555670 0.649293 0.038065 0.028455 0.935514
0.000000 0.463444 0.800095 0.036648 0.027480 0.935403
0.000000 0.446234 0.308830 0.040443 0.029744 0.935312
0.000000 0.479000 0.632763 0.035590 0.026988 0.935006
0.000000 0.343386 0.632847 0.037233 0.028054 0.934551
0.000000 0.432456 0.741323 0.036829 0.028339 0.934147
0.000000 0.327960 0.494274 0.039351 0.028707 0.933798
0.000000 0.192069 0.403132 0.038242 0.029182 0.933630
1.000000 0.313509 0.830761 0.039901 0.029250 0.933438
0.000000 0.326057 0.660818 0.036681 0.027451 0.932922
1.000000 0.204364 0.515383 0.034409 0.026192 0.932808
0.000000 0.112988 0.744713 0.036928 0.027177 0.932487
0.000000 0.219936 0.209794 0.036678 0.027425 0.932333
0.000000 0.447857 0.420910 0.036180 0.026664 0.930045
0.000000 0.093023 0.517058 0.038113 0.029238 0.929888
0.000000 0.227627 0.392191 0.038548 0.028126 0.929607
0.000000 0.141692 0.698346 0.035715 0.027107 0.929412
0.000000 0.485082 0.327916 0.042458 0.030713 0.929071
0.000000 0.153435 0.589256 0.036749 0.027530 0.928926
0.000000 0.111613 0.625247 0.036660 0.026469 0.928873
0.000000 0.055062 0.533970 0.037382 0.027090 0.928271
0.000000 0.439376 0.342341 0.037969 0.028671 0.927772
0.000000 0.327337 0.309230 0.039663 0.029506 0.927106
0.000000 0.555013 0.595650 0.035516 0.026390 0.926775
0.000000 0.413346 0.710193 0.037481 0.028056 0.926232
0.000000 0.608451 0.508535 0.037697 0.028345 0.925635
0.000000 0.460531 0.607377 0.036399 0.027037 0.925236
0.000000 0.215604 0.786985 0.037234 0.028348 0.925024
0.000000 0.488984 0.522271 0.036167 0.027315 0.924782
0.000000 0.407630 0.431375 0.035760 0.026440 0.924641
1.000000 0.258822 0.449508 0.039196 0.029168 0.919367
0.000000 0.590143 0.801086 0.036989 0.027948 0.919138
0.000000 0.681307 0.648132 0.039745 0.030915 0.916157
0.000000 0.042522 0.659237 0.037737 0.028340 0.915101
0.000000 0.100569 0.453963 0.039037 0.028610 0.914409
0.000000 0.126647 0.506278 0.038642 0.028520 0.907539
0.000000 0.312961 0.583881 0.035810 0.027799 0.907526
0.000000 0.163242 0.316961 0.039602 0.028966 0.904816
0.000000 0.242927 0.511168 0.035862 0.027005 0.904655
0.000000 0.037173 0.621019 0.036560 0.027913 0.900623
0.000000 0.161018 0.347809 0.038135 0.028122 0.898877
0.000000 0.617882 0.475149 0.046669 0.034431 0.897426
0.000000 0.337872 0.854218 0.036280 0.027298 0.897238
0.000000 0.647413 0.670612 0.038512 0.028021 0.896237
0.000000 0.507066 0.460662 0.035861 0.026378 0.895451
0.000000 0.637218 0.533463 0.035754 0.027198 0.894811
0.000000 0.231428 0.732399 0.037521 0.028565 0.894575
0.000000 0.576850 0.570161 0.035500 0.026269 0.892616
0.000000 0.430118 0.372236 0.038324 0.027861 0.890017
1.000000 0.208825 0.487683 0.037208 0.026823 0.883845
0.000000 0.042383 0.484764 0.039245 0.029010 0.880827
0.000000 0.009441 0.397886 0.018869 0.030139 0.878382
0.000000 0.211380 0.312325 0.038481 0.028816 0.876205
1.000000 0.085831 0.581426 0.037170 0.027377 0.875597
0.000000 0.313628 0.374060 0.038471 0.027848 0.867250
0.000000 0.088437 0.483937 0.038197 0.028244 0.866708
0.000000 0.378333 0.547463 0.036296 0.027835 0.866671
0.000000 0.371913 0.694690 0.040859 0.031165 0.860694
0.000000 0.491200 0.296443 0.043687 0.032018 0.856435
1.000000 0.446512 0.654410 0.038006 0.028119 0.847192
0.000000 0.596813 0.446973 0.038773 0.029945 0.831579
0.000000 0.400483 0.770185 0.038529 0.027902 0.830460
0.000000 0.363225 0.331936 0.038574 0.028880 0.828772
0.000000 0.158343 0.378650 0.039002 0.029025 0.827792
0.000000 0.007588 0.577054 0.015175 0.026472 0.824951
0.000000 0.182303 0.537868 0.037113 0.027211 0.822541
0.000000 0.108196 0.710727 0.038560 0.029315 0.816152
0.000000 0.112400 0.365939 0.036816 0.027529 0.815652
0.000000 0.265267 0.197134 0.043868 0.032900 0.814425
0.000000 0.188000 0.593462 0.038334 0.028240 0.808374
0.000000 0.193769 0.370798 0.039991 0.029612 0.796474
0.000000 0.011293 0.608270 0.022556 0.027715 0.795637
0.000000 0.085526 0.396497 0.037048 0.028142 0.795531
1.000000 0.629531 0.819255 0.042209 0.032420 0.794207
1.000000 0.123512 0.598453 0.038368 0.027634 0.745369
0.000000 0.015728 0.456732 0.031455 0.027825 0.745357
0.000000 0.664327 0.557879 0.035726 0.027672 0.727776
0.000000 0.069322 0.712506 0.034542 0.025856 0.721340
0.000000 0.672573 0.730540 0.044255 0.031838 0.717667
1.000000 0.173363 0.783190 0.041327 0.031471 0.707986
0.000000 0.124521 0.567927 0.036453 0.027271 0.689606
0.000000 0.415619 0.214472 0.042029 0.033944 0.676572
0.000000 0.251508 0.800557 0.039912 0.030282 0.660417
0.000000 0.379644 0.719525 0.035871 0.028146 0.660232
1.000000 0.331711 0.688666 0.038328 0.027788 0.658118
0.000000 0.132198 0.772171 0.033680 0.026092 0.645426
0.000000 0.178040 0.697849 0.037600 0.027348 0.634907
0.000000 0.109775 0.273199 0.038069 0.028814 0.609541
1.000000 0.144740 0.286928 0.037095 0.028012 0.599670
0.000000 0.336991 0.202366 0.048273 0.034980 0.584861
0.000000 0.218604 0.703764 0.036615 0.027359 0.571668
